508.134737 777.961910 450.615879 774.527774 3.724646 0.125000 70.533465 
293.705743 283.008370 286.471160 324.522459 4.440397 0.125000 48.019325 
285.821199 780.859400 295.585040 720.618523 5.101625 0.125000 84.595911 
619.304117 785.710751 604.280092 784.913481 3.678491 0.125000 5.297248 
274.518216 218.417438 260.520472 216.323886 2.898851 0.062500 1.260701 
263.429119 789.369236 263.073427 770.602286 3.796701 0.125000 6.548034 
235.310590 280.571592 232.281072 298.406311 7.627075 0.125000 17.469932 
333.997358 338.281606 340.535937 301.859011 4.543368 0.125000 35.684987 
606.217762 789.416360 607.476318 809.415821 2.495065 0.125000 4.340725 
198.645873 284.241853 195.211374 303.049467 2.801528 0.125000 5.297248 
603.173586 745.868976 651.990830 748.226597 6.061829 0.125000 75.875629 
592.678239 782.969602 595.377687 796.922846 3.016625 0.125000 0.409352 
326.532459 351.747854 325.310795 367.049511 5.434322 0.125000 9.151134 
325.488179 279.488118 323.463829 299.409431 5.100754 0.125000 7.575457 
303.773509 532.000539 311.041493 494.455625 3.721039 0.125000 27.940401 
235.246711 663.263015 241.577757 623.275847 4.022895 0.125000 33.337745 
284.055030 674.528022 287.558069 653.237388 4.121908 0.125000 16.694085 
295.437045 713.349918 301.279246 685.763555 5.150490 0.125000 18.091779 
226.487119 294.529522 227.354953 275.647059 7.434702 0.125000 19.680489 
300.101805 281.824599 300.925483 273.274364 4.711547 0.125000 0.065914 
575.122284 785.373224 579.035964 796.989229 3.180113 0.125000 0.219905 
215.459656 765.488083 213.867480 781.946826 4.254608 0.125000 7.872393 
425.645018 735.259560 526.933458 740.807783 6.172277 0.125000 136.250865 
16.446978 684.576884 14.746141 702.032956 5.614442 0.125000 14.309694 
310.514889 274.360968 310.398575 285.635560 3.788485 0.125000 4.247665 
300.285917 677.675543 303.760813 655.725656 5.720314 0.125000 26.641247 
362.176861 294.119389 359.808368 302.904842 3.620730 0.125000 0.790586 
652.875541 807.002701 651.272196 788.176338 3.312186 0.125000 7.253607 
171.590232 772.446476 179.016753 759.902973 5.378075 0.125000 5.835341 
277.555983 100.684719 281.503226 138.295206 3.859988 0.125000 21.164952 
672.675997 788.201873 671.238157 803.183845 3.324474 0.125000 4.340725 
349.350125 189.379876 353.782181 211.991199 4.666194 0.125000 17.916398 
164.240259 471.843537 155.484209 509.342125 3.695034 0.125000 36.352745 
337.168173 285.538027 336.522926 301.910388 4.140893 0.125000 11.111717 
235.146375 639.287085 230.985226 661.941167 2.935721 0.125000 18.056520 
294.576206 270.449812 292.849376 280.787758 4.725728 0.125000 1.421990 
345.598381 758.443923 296.874818 754.377186 4.880680 0.125000 70.434134 
304.253771 653.374258 323.841839 662.901115 5.620498 0.125000 21.520331 
436.436975 774.387855 436.159997 791.883470 2.539260 0.125000 6.868761 
228.058059 662.082245 232.206299 638.402008 4.403687 0.125000 10.169012 
325.401315 314.503365 327.440959 298.195786 4.496674 0.125000 7.326720 
336.573447 668.235698 341.763765 682.374699 4.188743 0.125000 7.253607 
274.606606 317.389447 283.858625 268.263165 7.601776 0.125000 99.409374 
315.793558 497.755531 313.769314 510.529015 4.547077 0.125000 6.269584 
296.450316 546.841351 295.556697 558.119588 5.181844 0.125000 0.443543 
336.026474 302.989715 330.398645 338.288205 4.580154 0.125000 25.774067 
195.827083 318.383700 202.139974 282.949509 3.557472 0.125000 36.637533 
316.978873 289.515607 317.662802 276.850042 3.943110 0.125000 1.115496 
334.403300 370.504413 332.179756 393.031700 4.100217 0.125000 7.345278 
317.452575 414.048137 315.624477 424.799977 5.532994 0.125000 5.046032 
272.367302 400.623933 272.347929 414.377427 1.883800 0.125000 0.806559 
325.710929 662.137049 335.434297 669.622711 8.309154 0.125000 11.049452 
406.105872 689.445267 413.912067 676.084866 5.129637 0.125000 8.355550 
29.623741 686.038986 16.858094 684.516778 6.798053 0.125000 5.568201 
353.247508 212.319214 347.163997 220.831538 3.487577 0.125000 2.519976 
344.603328 306.740002 341.616980 329.340907 3.974449 0.125000 17.507845 
315.700247 458.358496 320.336543 432.044415 4.343808 0.125000 13.731475 
160.958029 508.187343 167.725900 472.034289 3.613227 0.125000 49.999735 
334.892280 244.464473 337.940235 226.843042 4.880269 0.125000 6.727772 
371.980443 686.829386 373.203209 723.164434 4.672799 0.125000 23.926899 
186.858815 406.869380 181.032206 423.648260 6.412856 0.125000 17.628162 
653.076160 747.831556 674.461877 748.923467 4.929756 0.125000 28.139081 
299.859020 338.157117 298.697426 355.662983 2.822816 0.125000 2.222136 
321.060092 235.692454 324.932966 210.711503 3.514227 0.125000 23.820958 
548.092044 741.064434 603.157311 745.194169 6.357190 0.125000 78.961204 
172.910896 443.084950 179.673763 406.930886 4.004127 0.125000 37.317227 
529.245538 740.398683 546.972761 741.408057 4.778738 0.125000 17.231281 
182.703757 428.033008 179.723878 441.678210 2.975824 0.125000 3.356911 
574.416386 721.864673 577.572442 734.512878 3.333512 0.125000 0.409352 
192.802387 400.044990 194.991660 392.930119 5.514119 0.125000 3.356911 
344.704100 330.672480 347.607154 310.550290 2.640626 0.125000 4.642030 
29.350222 701.627476 31.546106 690.318425 9.578394 0.125000 8.558373 
291.578856 652.865248 288.139529 673.337441 4.132092 0.125000 25.605194 
205.876617 400.763327 210.203266 392.893151 5.092724 0.125000 0.625467 
133.033578 746.173800 144.385032 748.064779 2.877425 0.125000 2.659931 
274.318662 130.704294 276.313755 100.670753 3.410339 0.125000 20.274593 
427.990373 689.015903 432.400454 672.011274 4.885116 0.125000 3.013780 
294.658136 475.514499 295.125660 482.001085 3.826924 0.125000 2.140993 
178.511153 469.001887 183.392404 457.700597 6.077072 0.125000 5.549375 
421.677563 676.960984 425.936121 686.739506 4.354281 0.125000 2.026354 
433.145378 671.886389 436.402111 666.059325 5.102950 0.125000 3.543838 
106.189440 692.983973 93.840375 753.015022 4.540695 0.125000 85.007035 
184.494622 361.574084 179.730661 379.469680 3.137301 0.125000 9.364529 
187.912996 346.828611 184.870433 360.733408 2.709413 0.125000 2.504668 
175.672771 408.135472 168.008372 443.099434 3.362251 0.125000 31.633354 
206.451049 287.817199 201.495963 314.764997 6.273898 0.125000 46.580890 
223.636710 277.993541 219.853995 299.237716 4.349312 0.125000 13.526504 
481.320298 683.225082 483.325486 694.338828 5.525690 0.125000 1.192596 
189.026668 471.795125 183.143277 497.452457 5.230576 0.125000 16.322378 
317.288081 511.956530 320.278236 496.806559 3.453107 0.125000 1.649529 
244.358343 641.497664 240.765737 665.458682 6.736953 0.125000 28.973151 
343.861786 421.055952 337.277129 435.231147 3.766697 0.125000 2.928325 
620.501114 804.376272 620.321482 786.878116 2.679510 0.125000 6.868761 
174.372995 470.301871 164.596485 508.182163 7.418695 0.125000 55.728995 
201.796100 346.846740 207.919937 329.749267 5.550162 0.125000 5.402528 
371.248227 725.673309 369.307021 750.716623 5.564662 0.125000 27.705337 
334.690643 406.799184 337.427641 373.068415 3.434428 0.125000 19.718673 
216.555575 278.186076 217.470229 264.249986 5.644177 0.125000 4.116573 
313.083905 395.805970 318.372856 360.474982 5.248343 0.125000 30.083698 
642.522338 680.279248 653.745063 672.245059 6.687312 0.125000 4.390978 
282.880404 545.356028 284.691233 552.124808 3.903187 0.125000 0.013888 
250.278119 216.748150 249.473060 226.882789 5.281250 0.125000 2.440545 
14.422553 702.933114 29.447435 703.428627 4.495889 0.125000 1.659508 
349.858230 314.437042 345.534497 348.113380 2.672460 0.125000 16.059157 
213.095815 343.116876 209.040959 357.684074 3.749237 0.125000 5.454492 
248.030638 245.970035 236.772701 247.143919 2.502962 0.125000 0.013888 
326.826014 392.009716 329.365040 369.373883 4.411492 0.125000 14.798257 
357.206663 283.638553 361.924080 293.770129 5.138297 0.125000 8.522438 
530.670104 719.879638 511.837782 718.740032 4.573691 0.125000 13.650976 
192.290805 299.615156 193.400954 291.914784 2.729894 0.062500 0.689974 
291.337609 320.743993 296.989943 286.894194 3.495248 0.125000 44.743879 
440.809572 663.953903 450.301432 676.154236 5.700482 0.125000 7.470134 
450.726249 676.148057 460.134110 670.681392 7.463220 0.125000 1.602935 
216.775438 341.980187 221.792176 330.588525 5.950912 0.125000 4.333974 
338.706128 411.100160 344.933478 419.866251 5.228874 0.125000 4.032913 
347.364440 289.257489 345.013449 304.473644 3.219498 0.125000 0.340742 
384.844666 753.114663 384.679111 765.612470 3.898684 0.125000 12.978073 
468.939178 673.506754 472.500465 689.233364 6.923879 0.125000 13.881302 
377.877674 775.601161 379.941573 754.188642 3.852629 0.125000 4.521756 
229.996731 273.224499 231.229450 265.521689 4.937176 0.125000 2.504668 
325.489431 431.720602 323.532612 449.281130 4.138638 0.125000 4.333974 
369.512111 755.701749 369.029452 764.425043 4.923307 0.031250 2.092175 
192.589541 467.305488 198.341337 457.758420 4.502219 0.125000 0.079020 
232.511541 344.133107 237.708345 330.953596 4.405647 0.125000 1.492843 
184.916020 379.232609 191.625396 345.825919 3.430449 0.125000 33.153223 
351.963727 361.310082 346.089747 373.384922 3.858114 0.125000 3.025665 
494.398232 734.138659 466.796322 731.425386 7.687451 0.125000 36.017571 
204.229024 277.045763 205.957651 265.869794 5.794413 0.125000 6.855216 
125.605028 580.939815 187.004415 584.835106 4.496310 0.125000 57.283039 
527.883333 695.095116 538.049171 690.458736 6.105292 0.125000 9.695703 
297.678010 578.260556 300.209272 563.265834 4.306038 0.125000 2.240403 
147.542486 549.271455 142.219996 579.214130 3.336478 0.125000 24.724328 
258.055960 234.063978 268.185017 234.808738 3.226560 0.125000 1.654493 
466.677786 731.685056 417.856752 727.517103 8.019376 0.125000 75.891226 
193.800398 257.991586 198.737728 236.727034 3.913117 0.125000 3.725848 
199.229150 343.097461 196.864129 355.622947 2.920438 0.125000 3.387076 
326.122181 451.958761 329.092565 434.327418 2.672923 0.125000 1.421990 
651.958108 741.620238 583.210700 737.823309 9.012416 0.125000 159.853057 
487.136131 779.237875 486.511930 789.429322 3.895819 0.125000 0.219905 
523.178492 735.935295 505.593164 734.934263 3.419483 0.125000 7.253607 
304.551653 452.064245 308.201288 424.550932 5.614072 0.125000 20.904566 
125.377870 648.315633 132.748418 609.541025 3.450604 0.125000 41.644229 
157.110051 535.704896 156.109028 522.988499 5.180771 0.125000 1.378181 
113.522332 655.680261 109.746486 682.828966 6.362608 0.125000 34.846795 
183.560233 439.464031 190.683308 404.642628 2.560973 0.125000 28.199375 
323.811724 300.529579 318.526049 331.731184 3.758046 0.125000 25.650761 
322.529888 331.965081 324.793241 315.510590 5.340017 0.125000 7.470134 
152.628216 509.524211 160.106819 471.772349 3.944730 0.125000 35.417297 
140.445318 513.645567 150.163542 511.251671 4.555899 0.125000 7.742039 
357.964481 305.600849 355.886133 319.414290 2.577180 0.125000 0.806559 
161.311837 536.443517 151.271104 578.636358 7.410121 0.125000 63.434118 
199.477730 788.265060 213.225654 789.537489 4.008120 0.125000 1.649529 
403.462583 704.178759 406.656650 689.328038 4.625380 0.125000 6.548034 
241.082432 227.880783 245.277062 214.267788 5.882570 0.125000 4.521756 
580.650390 737.621391 535.638758 735.352104 6.934407 0.125000 69.712678 
333.519741 691.607120 319.519683 689.610502 5.128496 0.125000 0.590151 
320.458215 247.965774 330.738244 254.187901 2.802368 0.125000 2.659931 
165.190246 443.279238 171.570798 409.553937 3.286275 0.125000 38.628868 
542.192365 725.745443 543.639409 706.914529 5.559939 0.125000 16.353167 
25.329945 725.679950 26.126795 711.831946 6.096059 0.125000 12.505080 
193.000137 658.994040 160.629589 654.343063 2.652362 0.125000 24.741865 
210.033789 294.502111 213.146353 278.370302 2.388797 0.125000 4.255608 
553.063695 681.071436 598.185457 682.702034 6.877921 0.125000 63.141584 
146.613418 750.774099 141.920909 781.881925 3.217828 0.125000 17.252030 
235.144378 428.021552 239.737051 406.683880 2.345075 0.125000 0.862266 
261.632580 480.374687 258.029175 501.858928 3.690527 0.125000 4.942456 
206.503639 316.819878 209.643698 295.664883 2.608192 0.125000 7.682113 
276.184417 280.485036 268.538729 318.208853 3.178683 0.125000 15.514780 
341.731284 682.794709 340.195945 689.273320 4.865245 0.125000 4.850263 
355.156388 320.288112 349.451739 349.390043 3.944809 0.125000 11.029043 
482.656925 694.764057 484.333422 702.167477 4.783929 0.125000 0.806559 
239.568053 301.909615 244.501073 274.397605 3.691134 0.125000 18.256827 
302.293938 253.850545 289.335762 250.791196 5.221107 0.125000 2.541249 
314.500593 359.394365 309.113120 394.334621 3.325226 0.125000 41.069564 
659.394983 684.030515 645.618828 683.231403 2.857739 0.125000 1.654493 
510.638912 717.980099 485.629429 715.578867 3.683223 0.125000 8.964538 
149.657468 561.938696 155.116788 537.728529 4.566623 0.125000 9.599757 
194.118895 340.776222 195.319057 332.888262 5.131136 0.125000 2.567371 
219.961019 185.015953 227.124040 177.206853 4.300990 0.125000 1.216132 
307.134386 494.201303 300.744086 530.645881 3.069596 0.125000 31.494149 
321.812593 501.773063 320.446492 519.361135 2.061090 0.125000 3.543838 
326.007246 368.169827 322.485887 398.196641 2.774173 0.125000 6.425238 
193.898561 306.784487 191.246737 320.743116 3.155968 0.125000 4.247665 
336.445556 357.877310 335.129326 366.801896 4.439396 0.125000 7.086959 
329.021487 476.023997 336.325414 482.495298 4.358039 0.125000 0.219905 
359.339183 711.522183 365.111832 690.484191 4.491012 0.125000 10.757770 
240.643033 776.230373 259.378372 776.754472 1.738862 0.125000 2.659931 
341.629441 677.476815 364.416027 686.774450 3.777921 0.125000 29.065419 
342.092021 719.413463 346.502091 694.530449 4.627109 0.125000 6.776741 
112.020064 650.869848 219.624058 666.399269 4.285207 0.125000 128.004609 
420.701307 800.350692 423.665637 787.667071 4.663618 0.125000 2.423680 
133.678632 619.267280 129.218444 648.100783 3.132663 0.125000 23.807843 
176.958741 380.389523 183.459576 348.192554 3.687513 0.125000 27.092254 
306.430873 311.801747 303.956136 326.805914 3.293165 0.125000 6.783730 
239.342037 789.913523 260.665172 791.218700 2.342592 0.125000 13.308945 
196.419370 376.789935 201.957948 347.123858 2.784455 0.125000 24.863879 
333.819323 412.909341 305.018901 399.265778 3.150595 0.125000 20.923314 
674.442659 744.846607 661.820718 743.749491 3.464801 0.125000 0.625467 
182.670607 614.191121 187.462005 602.350868 4.661939 0.125000 2.928325 
156.816440 785.873817 171.939869 786.464706 4.996188 0.125000 2.350826 
600.732576 823.293850 598.302012 806.848838 3.569717 0.125000 11.053628 
227.866283 338.099228 227.524018 358.136086 2.627548 0.125000 1.649529 
310.774209 308.151158 314.037789 289.535020 4.277359 0.125000 4.942456 
214.301289 789.252203 224.502887 789.919310 3.986707 0.125000 1.038110 
150.598321 450.556626 165.732805 444.651288 4.459341 0.125000 6.548034 
200.506021 382.493917 169.190770 388.397814 3.705345 0.125000 16.896872 
335.590603 220.619618 332.255515 241.934538 2.201139 0.125000 4.340725 
15.532877 711.705708 9.828134 756.932157 6.960458 0.125000 91.425514 
126.596169 602.960559 128.072499 589.234903 3.421415 0.125000 5.091079 
221.772399 308.366670 223.590170 299.736256 3.476835 0.125000 3.947173 
599.270485 682.951671 633.232707 684.477272 6.187610 0.125000 55.350899 
269.350878 675.775458 284.365743 678.182738 3.457880 0.125000 15.687342 
300.510105 574.353379 295.341237 601.821603 2.701334 0.125000 9.456029 
194.546529 356.173650 190.304572 377.817209 6.687896 0.125000 34.243969 
300.724840 644.392616 295.264422 675.340834 3.330740 0.125000 20.454786 
304.436544 399.140786 263.085555 388.275115 3.176745 0.125000 35.263849 
204.452004 753.854577 221.939062 756.442043 3.343684 0.125000 0.443543 
0.587300 656.304838 25.680097 655.785104 4.895388 0.125000 35.048067 
304.097088 420.594551 300.789822 450.780015 4.136116 0.125000 15.385415 
439.362558 725.688742 440.974476 694.393000 2.716280 0.125000 25.605194 
158.239937 772.447013 170.802708 774.576747 3.697248 0.062500 1.430350 
187.401974 317.962810 190.278734 305.138530 6.770931 0.125000 7.470134 
227.033172 201.896330 222.639418 234.478084 2.742276 0.125000 17.507845 
374.404945 721.657516 399.446540 725.105417 2.817635 0.125000 12.156932 
661.063418 741.709237 652.760115 740.343656 7.181417 0.125000 7.907078 
246.950276 385.896790 211.869443 383.197218 3.738946 0.125000 23.030156 
228.090275 379.777504 246.915838 381.401642 2.920516 0.125000 7.682113 
381.879501 699.029090 396.885353 698.954378 5.018609 0.125000 8.892706 
537.212287 689.776254 542.934499 684.180205 7.050925 0.125000 4.253099 
261.982040 388.686866 247.987341 386.509974 2.387917 0.125000 3.947173 
257.121973 299.429136 261.476828 279.561717 2.653202 0.125000 0.614998 
93.536652 752.799326 91.925165 763.132823 3.305074 0.062500 0.098201 
167.578371 705.332960 164.678277 723.174297 3.731900 0.125000 2.992170 
255.701577 314.385260 257.555398 300.548685 3.716789 0.125000 4.475413 
104.696209 679.157989 110.770826 653.159072 3.651649 0.125000 20.778751 
280.506996 602.256034 314.482464 612.777998 4.290673 0.125000 21.328915 
450.571629 799.373778 450.256982 813.116574 3.777629 0.125000 0.340742 
314.700344 398.716796 335.750262 409.121583 5.615701 0.125000 14.555222 
337.227108 185.273511 349.092202 197.159498 4.427969 0.125000 3.159067 
132.932683 648.327545 140.356059 609.562871 4.022549 0.125000 40.070531 
342.665536 345.559721 344.455811 332.958886 2.657741 0.062500 2.898290 
320.487324 448.094811 316.392509 466.769202 3.009841 0.062500 4.272240 
309.390462 515.423375 306.509182 533.065255 2.492079 0.125000 5.924565 
129.874385 761.760520 131.980627 747.950466 3.707132 0.125000 6.007189 
199.352986 699.507364 210.704773 701.395357 2.876283 0.125000 1.776911 
284.097998 677.964925 302.028286 682.521863 3.366761 0.125000 11.900465 
340.293172 375.587832 338.341781 393.009268 2.762750 0.125000 10.639616 
304.213815 534.678801 325.453705 545.947856 4.484330 0.125000 19.848933 
586.961651 815.319174 576.721235 812.417696 4.289485 0.062500 0.030284 
139.000181 578.049180 146.776218 539.607872 3.371770 0.125000 32.942433 
273.151112 255.012483 228.126363 253.093020 2.473403 0.125000 39.730142 
279.578390 224.409082 283.551892 200.696534 2.678883 0.125000 9.553462 
219.711145 298.408795 217.249741 312.165701 3.251069 0.125000 7.742039 
337.204066 440.163310 331.792872 465.607534 4.293136 0.125000 14.823588 
50.152957 760.570446 48.124200 778.124908 3.057496 0.125000 4.642030 
157.725670 579.539053 165.432042 539.578852 3.682153 0.125000 32.434493 
262.031047 764.467113 240.498295 761.565167 2.337326 0.125000 9.369279 
241.899845 759.183050 263.117960 761.929388 2.800225 0.125000 11.053628 
133.636677 577.166211 139.870163 539.456852 4.515243 0.125000 48.912020 
171.117059 696.529979 166.959435 705.663436 3.514939 0.125000 2.519976 
275.279126 138.213224 273.454988 156.907200 2.093870 0.125000 1.730824 
288.158735 169.252608 324.731087 179.333105 4.317991 0.125000 37.408152 
438.522020 694.332406 437.332773 718.147859 2.185177 0.125000 16.590432 
34.433826 651.049180 120.416950 639.124810 5.061141 0.125000 111.009166 
634.483644 683.650490 645.852877 685.355368 5.926636 0.125000 0.650248 
412.402065 786.878913 412.541389 768.111388 3.759176 0.125000 1.304348 
149.358359 511.278516 168.159828 511.757280 3.939704 0.125000 11.486419 
330.561155 489.580623 327.963789 504.563745 2.890275 0.125000 3.406377 
177.051442 328.354962 184.790750 322.416859 4.496990 0.125000 1.859516 
33.573733 654.221356 36.295528 684.314353 4.535621 0.125000 25.605141 
165.645545 514.536695 144.264260 517.253462 3.089843 0.125000 11.949800 
224.491397 594.675896 146.780505 585.145513 3.546520 0.125000 77.675916 
292.902758 674.343634 295.719185 654.388293 2.490374 0.125000 7.644226 
392.229523 767.236948 394.512275 749.233909 6.200355 0.125000 11.108728 
441.286321 810.641328 440.834985 794.369176 2.776299 0.125000 7.974336 
196.775283 728.282993 199.203863 710.601494 3.327209 0.125000 3.463377 
541.655488 707.626444 533.262188 719.136553 4.229460 0.125000 8.607824 
176.590626 611.505390 168.294212 615.941463 3.565392 0.125000 1.776911 
147.716441 610.554101 143.395256 635.454980 2.626154 0.125000 6.063599 
192.727684 750.555926 196.249402 730.298924 4.283800 0.125000 7.921724 
164.635990 725.671267 161.084278 745.706418 3.474239 0.125000 11.334566 
226.419402 310.561787 228.631464 294.618705 2.674603 0.125000 0.219905 
249.332676 678.372390 240.623728 676.882436 2.260780 0.062500 0.635843 
664.364240 739.767840 674.390955 740.042463 3.192041 0.015625 0.795286 
86.010230 674.473002 88.403744 695.593411 3.585391 0.125000 10.852715 
321.235297 554.225096 317.365330 570.739901 3.004445 0.125000 3.025665 
194.346812 729.550621 166.755108 725.121961 4.586230 0.125000 7.806960 
296.633478 392.550791 314.132096 398.804658 3.446296 0.125000 3.963663 
315.334237 710.845081 299.220149 707.657919 6.131224 0.125000 5.402528 
235.730098 522.301805 175.593199 514.624087 3.825774 0.125000 59.321108 
314.024305 261.472117 333.123393 269.378882 2.243783 0.125000 1.216132 
628.143234 698.907946 533.141631 695.199015 3.552090 0.125000 82.846572 
178.029522 654.511636 194.374170 655.637055 2.923425 0.125000 0.625467 
188.130467 379.029835 228.140228 379.663542 4.026674 0.125000 27.139757 
206.745662 729.017380 234.389642 733.023979 2.671444 0.125000 22.429072 
229.352985 688.139582 236.243833 698.543060 2.084259 0.125000 0.334813 
221.838043 667.104601 249.624155 671.577079 3.178309 0.125000 34.751908 
229.427224 451.160766 185.637145 447.958902 3.345902 0.125000 36.504138 
316.294506 433.034962 311.633200 463.087495 2.919108 0.125000 23.820958 
341.815834 278.252801 330.645236 273.081289 2.153008 0.062500 2.116176 
163.107596 746.972593 181.927810 750.328870 2.633456 0.125000 4.475413 
207.357018 713.956643 204.117892 729.580841 4.388400 0.125000 7.084607 
126.812326 734.744478 153.152563 739.212507 2.068588 0.125000 11.044132 
220.637748 509.377783 228.067967 475.339686 2.975657 0.125000 15.574636 
222.050221 255.335975 201.811410 259.026247 5.143124 0.125000 10.602346 
237.118423 729.570720 238.470160 719.256417 5.607324 0.125000 4.253099 
249.913065 673.558746 269.004840 676.656405 7.035486 0.125000 22.514454 
228.611976 774.249833 230.674267 761.678031 5.338748 0.125000 5.000004 
157.455368 718.055856 159.141971 701.721867 3.216611 0.125000 6.007189 
327.186232 505.256998 321.222832 540.725515 3.687255 0.125000 21.746185 
89.623120 691.526809 97.661183 668.398228 4.722906 0.125000 24.044947 
146.774376 579.587790 149.848825 562.981303 3.277086 0.125000 12.833132 
73.428151 696.549955 80.996800 674.502636 4.693781 0.125000 24.337726 
270.219121 448.266052 275.672117 415.632873 3.293088 0.125000 34.914310 
331.674810 272.403981 318.406004 267.382476 2.622381 0.125000 2.519976 
206.805342 594.731165 266.949512 606.494017 2.612064 0.125000 45.387245 
217.347962 424.502219 222.472806 405.449571 4.270661 0.125000 7.633054 
181.755739 752.610445 161.873173 749.386264 2.301031 0.125000 9.750700 
257.638611 281.789094 252.097134 313.164233 3.040614 0.125000 10.471008 
274.397621 272.059759 266.706822 273.001372 8.533239 0.125000 2.703829 
96.767503 780.511614 109.508203 781.716586 3.027167 0.125000 1.730824 
188.433187 512.250221 245.813855 520.572946 3.985280 0.125000 63.402153 
203.435152 731.771618 201.216648 751.940080 6.212528 0.125000 12.396153 
245.529887 249.543684 256.979834 250.311324 2.157136 0.125000 0.894864 
312.030154 178.651633 283.263039 172.481427 2.267329 0.125000 5.517784 
139.324775 537.089795 141.826444 523.116307 3.250741 0.125000 2.026354 
225.206508 234.503007 229.833700 204.445615 2.376593 0.125000 10.673159 
258.106626 221.871985 262.232044 196.728488 2.650220 0.125000 9.053101 
19.491342 682.291661 27.317186 656.628660 4.519785 0.125000 43.869129 
134.352516 660.895867 115.524725 659.333039 4.047355 0.125000 5.082858 
124.476125 657.370462 186.860745 665.731361 1.762640 0.125000 34.055539 
252.594929 403.201270 244.338241 400.748755 6.703129 0.125000 6.269584 
318.205271 337.889270 294.253089 329.733012 2.315514 0.125000 7.776962 
320.987667 475.890305 284.608277 462.491619 2.966450 0.125000 42.120764 
327.856159 169.799530 345.432013 180.929748 2.217924 0.125000 5.924565 
264.422141 384.177472 286.838653 389.527299 2.196710 0.125000 12.978073 
188.111603 585.710626 242.104470 594.158366 4.939902 0.125000 56.937634 
288.284592 258.557400 274.334140 255.834326 2.243685 0.125000 1.776911 
328.164011 264.270700 303.361153 254.993629 2.207681 0.125000 6.269584 
339.319785 349.472541 319.350386 338.168483 2.503905 0.125000 6.269584 
125.002404 619.386240 124.731287 604.368568 3.929892 0.125000 6.640831 
284.295893 462.269825 230.694090 451.530170 3.665893 0.125000 45.456487 
312.809405 542.893602 267.076649 528.724164 4.002934 0.125000 37.673759 
280.777624 383.151802 287.001734 347.708240 4.059846 0.125000 18.821528 
195.747472 653.147335 202.828168 614.320867 3.689155 0.125000 16.560494 
201.867057 520.674712 253.204555 528.877076 2.512747 0.125000 21.248955 
160.342598 750.577882 157.400317 768.212647 3.700193 0.125000 10.379703 
225.725026 349.804763 218.334445 351.524889 3.245657 0.062500 0.689974 
231.907686 755.866658 235.490488 736.849658 3.987844 0.125000 18.705765 
246.767336 735.091305 266.876677 738.113843 2.658025 0.125000 13.308945 
184.355925 447.949575 159.245066 450.680074 3.592899 0.125000 17.507845 
208.097961 252.864152 235.690198 250.003965 3.601130 0.125000 9.124658 
232.176091 797.174243 191.735926 791.641530 5.853442 0.125000 39.208323 
253.290042 702.071698 262.117943 694.664541 2.223366 0.062500 0.962997 
263.127730 340.328481 255.616858 340.259329 7.499682 0.125000 4.032913 
226.953169 672.612213 243.206575 675.089872 1.717957 0.125000 0.013888 
16.864430 774.581673 39.433256 775.735884 2.624425 0.125000 14.570961 
166.813782 722.252837 194.399729 726.722372 3.101965 0.125000 15.071754 
146.792385 585.607038 129.285263 586.747723 3.173161 0.125000 8.483354 
293.064218 329.659649 275.561523 325.922274 2.005531 0.125000 1.654432 
559.390109 692.803560 630.658912 696.153552 3.847147 0.125000 60.229275 
109.489821 775.848416 97.964572 774.559341 3.865705 0.125000 5.091079 
176.449304 652.014335 182.855035 614.118075 3.107543 0.125000 30.081576 
266.716372 528.936398 235.910647 522.913887 2.960825 0.125000 25.533398 
354.995487 783.095347 355.647270 769.258289 3.060647 0.125000 3.406377 
216.705750 320.566248 195.487306 323.310258 2.404761 0.125000 7.644226 
294.245604 487.893803 287.927141 525.591837 4.097751 0.125000 27.179893 
297.068747 349.096475 290.769322 344.714496 6.647474 0.125000 2.222136 
290.475019 608.833100 225.478571 595.066330 3.494434 0.125000 74.888914 
45.759803 780.332872 0.558855 776.381696 3.687874 0.125000 57.774338 
299.303081 684.702168 272.022225 678.705251 2.199712 0.125000 0.443543 
229.458764 760.075421 216.870163 758.156734 2.471459 0.125000 2.659931 
116.747684 695.591719 112.451773 712.025770 4.947779 0.125000 7.633054 
208.215261 584.391119 215.547358 543.334365 2.944343 0.125000 30.081576 
302.089986 463.885387 329.158609 475.771038 4.354388 0.125000 20.215277 
278.282368 561.935104 272.751746 557.322545 3.566061 0.125000 0.334813 
322.059820 335.320547 345.154769 349.340493 4.045315 0.125000 9.340521 
558.098242 707.559941 589.446897 708.784619 3.454367 0.125000 34.914310 
165.676347 444.593727 224.424719 445.916025 4.548691 0.125000 49.801498 
375.513620 692.675930 405.819539 685.159358 4.260731 0.125000 45.156230 
646.875333 696.865853 674.384419 697.865901 2.861643 0.125000 18.721038 
490.374123 694.568586 510.842119 698.125662 5.515626 0.125000 9.986638 
509.356288 715.986619 531.860714 717.151087 1.505034 0.125000 5.753353 
603.774040 812.980418 606.545124 825.420031 5.423959 0.125000 3.747920 
260.464601 523.768197 293.409554 531.983946 4.558014 0.125000 27.402158 
254.366671 168.321453 288.161918 169.754179 4.276088 0.125000 21.330212 
401.011820 725.503197 402.962997 711.675754 3.887870 0.125000 7.682113 
220.966590 228.152063 222.253801 211.905011 4.330635 0.125000 0.975667 
245.300650 521.059427 259.487414 523.791207 4.391421 0.125000 4.489380 
265.675530 324.048793 251.869542 321.910235 2.470536 0.125000 1.654432 
259.354762 224.931625 275.628697 225.523319 2.543767 0.125000 5.125463 
169.375652 511.821967 188.138181 512.052574 4.968898 0.125000 6.299634 
270.302039 407.388987 262.774742 403.875364 5.470822 0.125000 2.683889 
248.501406 541.319746 239.616413 539.467175 5.660168 0.125000 1.649529 
291.830160 398.256169 314.654102 406.058556 2.082149 0.125000 0.340742 
616.796241 829.638061 591.863795 828.340254 3.939865 0.125000 17.673892 
152.070628 470.658212 153.997096 459.310842 3.301618 0.125000 0.065914 
256.093604 624.261544 250.428575 663.277975 3.212756 0.125000 17.299185 
243.034578 594.783928 279.439399 602.833759 3.403782 0.125000 44.545844 
124.159564 714.332736 127.321944 698.212680 3.439224 0.125000 3.463377 
225.552318 445.949490 301.892088 463.048711 4.575919 0.125000 89.245310 
275.731398 476.485581 270.443114 475.040708 5.152665 0.125000 2.140993 
294.163102 532.533214 303.549913 535.555103 3.569586 0.125000 0.806559 
325.993133 706.724743 327.050227 718.108729 3.733936 0.125000 1.859516 
130.625753 731.870341 150.707453 735.114631 1.869925 0.125000 4.255608 
241.085473 469.670379 233.148477 468.012600 7.852707 0.125000 0.749732 
259.536951 472.532294 250.745002 471.759592 5.418551 0.125000 3.656199 
659.363918 712.048343 674.462038 713.013607 3.184088 0.125000 6.783678 
50.407132 778.399802 54.384701 763.460391 4.266969 0.125000 6.063599 
195.696241 605.079860 189.134258 605.743084 6.469716 0.125000 1.038110 
265.724047 248.048469 250.621578 246.920825 2.493060 0.125000 0.896931 
255.395513 459.096573 290.783204 467.455219 2.586111 0.125000 9.259347 
295.391679 256.813830 307.169328 259.125327 2.739793 0.125000 0.790586 
308.005582 775.321428 330.574790 776.548497 8.737096 0.125000 43.889726 
144.037033 705.082315 152.088008 708.929206 2.658509 0.125000 0.334813 
310.999353 617.182780 290.723529 609.127009 3.039099 0.125000 7.442383 
341.942714 240.564396 342.346933 249.353295 5.050830 0.125000 1.216132 
68.210807 781.018571 58.186198 780.014187 5.099707 0.125000 1.649529 
154.494143 731.998172 155.629725 719.375425 3.062907 0.125000 0.065914 
186.253956 505.502407 191.619441 478.321300 3.420974 0.125000 22.215387 
523.140814 822.772718 500.518063 821.757165 6.580054 0.125000 18.319684 
97.076719 753.165774 103.197084 722.886904 2.450441 0.125000 16.211838 
160.569007 589.925489 185.564692 592.467914 2.845317 0.125000 2.992170 
241.961305 183.291635 226.560666 191.268095 2.129997 0.125000 0.896931 
399.394728 734.909439 410.721577 734.491329 4.673826 0.125000 1.382030 
112.669286 717.053000 108.489005 735.706574 5.972371 0.125000 15.101555 
172.043630 505.657179 177.282649 478.202790 3.158603 0.125000 20.469695 
342.603512 394.316264 340.764857 410.640752 2.624197 0.125000 11.171893 
55.449462 686.568477 69.188986 689.124779 4.744267 0.125000 4.230981 
210.374741 377.046409 214.717162 351.719348 3.168524 0.125000 21.258946 
128.796840 613.248626 123.071077 644.365078 2.006289 0.125000 8.729218 
244.414055 738.335467 241.168483 758.213736 4.305264 0.125000 21.265702 
539.373970 692.002725 559.372668 692.164050 3.860793 0.125000 10.048373 
179.415565 613.131611 173.268291 650.852064 3.070626 0.125000 27.612705 
106.520498 745.379773 103.979463 762.005593 5.509164 0.125000 7.345278 
139.460127 784.744153 109.280672 786.330837 5.519471 0.125000 25.623032 
190.625907 593.117495 205.707828 594.939301 1.990493 0.062500 0.668264 
232.977980 735.427929 215.641443 733.007235 2.821700 0.125000 0.079020 
321.262861 239.317205 332.705327 245.192356 2.800707 0.125000 0.806559 
248.801621 359.493691 245.961548 375.684037 2.678376 0.125000 8.862262 
401.721235 711.349738 383.525114 707.489145 4.557314 0.125000 14.263321 
121.033967 730.467513 123.606178 716.731035 3.455866 0.125000 0.079020 
139.553515 769.391214 138.417260 781.901545 2.036340 0.062500 0.211084 
166.869598 451.946813 204.374541 451.774844 2.620335 0.125000 12.790645 
282.057348 250.466371 266.827129 248.494803 2.916595 0.125000 10.268803 
230.711070 455.077805 254.655132 458.844049 2.996984 0.125000 1.698954 
291.906829 468.041293 307.503614 473.971790 2.896485 0.062500 0.030284 
258.295728 518.158587 265.440930 481.838788 3.438185 0.125000 12.396153 
265.623975 740.631410 246.756714 737.614821 2.665995 0.125000 6.007189 
277.766666 491.817491 272.947269 521.846476 3.458810 0.125000 9.021032 
261.902821 530.531263 304.371693 543.136142 2.489678 0.125000 17.377306 
292.639409 525.185986 294.978307 509.279908 4.983054 0.125000 16.294757 
483.200939 806.666615 461.943487 805.559724 3.679926 0.125000 18.705765 
641.846807 811.013087 620.618032 809.470923 4.262318 0.125000 13.065710 
580.509820 717.600904 560.577550 716.439002 8.505680 0.125000 31.762309 
664.441963 700.778932 648.100223 699.780547 2.876475 0.125000 11.528980 
240.418638 679.118897 227.937620 676.527478 7.343385 0.125000 12.745574 
378.096609 804.994437 401.911165 806.085938 2.898000 0.125000 15.317244 
156.851475 659.587943 115.689567 655.040556 1.531172 0.125000 7.087158 
420.609236 813.833412 404.336638 814.307066 5.143359 0.125000 1.249072 
246.579789 700.536580 245.077087 684.309982 3.618757 0.125000 0.443543 
288.429863 729.427664 285.595432 745.835824 2.586446 0.125000 5.066990 
214.375000 323.125000 234.375000 323.125000 1.250000 0.125000 0.334813 
280.403645 364.341084 277.323518 384.443722 3.039108 0.125000 7.907078 
20.085725 741.535948 24.818326 724.855431 10.806041 0.125000 36.644330 
179.191982 745.233104 163.139014 741.809293 2.439848 0.125000 2.504668 
271.062826 421.731910 266.389129 448.259625 3.112741 0.125000 26.605264 
257.995497 250.227351 288.246759 254.823616 2.847165 0.125000 12.505080 
164.209313 738.847481 180.736748 742.637721 3.174238 0.125000 3.235078 
365.635025 807.885150 358.095950 807.570050 3.851127 0.125000 3.044083 
98.200986 783.584143 69.237954 780.801369 4.569658 0.125000 15.597335 
120.515550 640.362543 123.629895 624.231149 3.724591 0.125000 18.657176 
228.125819 318.047093 255.622783 318.336023 3.789195 0.125000 10.302607 
104.976205 722.232430 109.388991 699.377701 6.373633 0.125000 30.289242 
227.150460 588.172977 233.921680 549.296045 3.265415 0.125000 18.970890 
244.317098 673.499498 224.406528 670.421084 1.250000 0.125000 0.334813 
639.398612 817.663460 615.583045 816.445084 4.099360 0.125000 19.295434 
331.998119 466.710929 330.876911 474.411677 2.834111 0.062500 4.248203 
221.836676 669.658585 190.649471 665.443921 1.740952 0.125000 7.632724 
610.621033 825.442243 634.414089 824.925780 6.546921 0.125000 21.529991 
295.741305 801.559515 233.030238 796.900510 4.480584 0.125000 48.869009 
439.503521 815.052367 429.181810 812.735766 3.260536 0.125000 0.806559 
226.813797 374.595584 231.282005 350.514969 2.964618 0.125000 17.864538 
253.651270 663.211674 258.426239 634.218744 2.902225 0.125000 32.960930 
265.090267 590.741702 268.994446 566.812910 2.668660 0.125000 15.337250 
302.833049 604.307458 308.914904 578.018558 3.380908 0.125000 10.189723 
171.401718 380.781387 175.998947 357.948613 1.982055 0.125000 4.247665 
411.643097 734.587755 424.609877 736.643487 4.095200 0.125000 6.948162 
239.425725 387.789203 264.421818 391.565067 1.911842 0.125000 5.936476 
313.324734 753.136389 314.252374 736.868008 1.817259 0.125000 2.659931 
225.679859 792.419885 269.359965 795.818253 2.104633 0.125000 13.065710 
499.380978 801.408880 484.367417 801.216346 2.611996 0.125000 0.806559 
205.627878 451.856908 219.620325 454.082901 2.917881 0.125000 2.504668 
534.318873 819.255539 541.924243 819.633115 2.744849 0.125000 0.334813 
265.518823 392.425761 281.883562 395.580585 2.454800 0.125000 1.730824 
328.212064 718.681233 341.903309 720.399419 5.583679 0.125000 3.588865 
215.301108 439.525355 217.572422 425.535288 2.668007 0.125000 2.504668 
190.605133 792.097428 140.557809 787.627263 3.224966 0.125000 40.239352 
42.306238 684.331853 43.433082 695.594175 3.855816 0.125000 5.066990 
313.185653 798.897724 331.950313 801.282367 2.795223 0.125000 5.297248 
505.674871 808.293670 493.028820 807.710433 3.861196 0.125000 14.784252 
395.848201 813.411075 374.580735 808.486504 5.999044 0.125000 29.052569 
133.592447 701.690207 130.318939 715.552726 6.150148 0.125000 1.257104 
143.543850 540.708781 138.302807 566.910566 1.470735 0.125000 4.255608 
370.565466 849.679522 320.636075 851.033437 3.951922 0.125000 49.180990 
278.146093 181.471290 260.617057 181.247706 3.188465 0.125000 4.247665 
319.377351 536.875377 323.800468 509.282902 1.629945 0.062500 1.430350 
167.520258 629.211699 162.291504 648.575013 3.849492 0.125000 7.074723 
529.388327 840.908191 384.415268 847.730667 2.791038 0.125000 85.849083 
239.864792 604.611241 228.084449 602.062420 3.204578 0.125000 0.806559 
113.907972 763.013786 118.683350 742.960296 3.879836 0.125000 8.612560 
110.537170 860.206016 263.140801 852.175252 3.087915 0.125000 117.115378 
277.992443 669.356005 281.202066 646.957692 2.297410 0.125000 0.862266 
271.880793 796.780087 293.127942 798.076794 1.856842 0.125000 8.462623 
603.255116 708.495655 620.561162 711.056425 4.214266 0.125000 4.037743 
208.406580 366.636661 206.233318 375.467075 4.855123 0.062500 0.824928 
242.141446 374.425153 246.402771 351.786113 3.381759 0.125000 25.355925 
108.119308 865.691074 88.159757 863.971553 3.521580 0.125000 4.037743 
233.315988 443.318796 235.341885 428.255035 2.299930 0.125000 0.806559 
285.599053 883.402375 301.824007 884.920124 3.071243 0.125000 9.491500 
545.587644 819.920121 561.846950 821.034323 2.921442 0.125000 12.978073 
313.985664 536.801613 318.025272 515.370585 3.936170 0.125000 22.966034 
484.368189 818.645296 456.905621 818.285804 5.130463 0.125000 20.008097 
309.564137 585.657009 306.169260 605.717108 1.839216 0.125000 7.559533 
190.403177 577.061091 194.982674 551.758745 2.460032 0.125000 16.312198 
319.440792 852.068588 279.353151 853.895584 3.521783 0.125000 31.648598 
450.609076 892.537888 475.624668 893.138814 3.989070 0.125000 20.778751 
199.368833 859.225661 178.103477 860.103801 1.661528 0.125000 5.753353 
594.350926 838.503842 534.362194 840.161587 2.395457 0.125000 28.490000 
276.748982 519.355579 279.846804 499.255067 2.568199 0.125000 4.475413 
79.345435 807.355675 38.097715 804.818599 2.341804 0.125000 17.855262 
266.871241 559.374389 260.966183 595.680492 2.437814 0.125000 22.148508 
586.089683 706.369084 594.631037 701.034986 3.745832 0.125000 0.065914 
96.888203 838.730571 61.877592 839.493889 2.799119 0.125000 5.048059 
319.786184 520.694830 316.827430 538.116921 1.650931 0.125000 0.013888 
18.124726 863.881212 43.124723 863.890254 2.502260 0.125000 21.105882 
193.123128 873.069866 161.866715 874.130950 1.885433 0.125000 18.657176 
280.428998 575.587196 277.040252 593.156873 2.971946 0.125000 3.025665 
475.668342 855.747578 455.609400 856.380986 2.498755 0.125000 10.367562 
105.631250 848.797094 134.377888 849.108004 1.560856 0.125000 5.924565 
419.409542 856.333241 454.387306 854.627312 2.192570 0.125000 18.705765 
86.905361 864.905595 23.149530 868.553692 3.070542 0.125000 49.368824 
325.636717 471.876897 328.264579 455.647601 1.598391 0.125000 0.334813 
197.982091 440.812620 202.069149 416.696064 3.132911 0.125000 7.350448 
450.665544 857.828503 420.560521 859.108599 2.578342 0.125000 4.635777 
320.737153 804.956547 298.240960 803.641420 6.166397 0.125000 52.391217 
118.195439 863.697244 109.272900 864.795544 2.939413 0.125000 1.237903 
140.639836 625.628252 135.704155 648.142353 3.094735 0.125000 8.446718 
261.825521 378.119847 263.770691 359.442245 2.616032 0.125000 7.644226 
460.534285 811.516481 506.939760 816.238590 4.869626 0.125000 43.176155 
216.531709 414.303906 213.150598 430.630301 2.237986 0.125000 2.504668 
172.361774 581.735342 177.835425 551.822013 2.234175 0.125000 7.649635 
264.353863 851.361842 308.132562 849.558578 2.380719 0.125000 17.685306 
198.289569 419.407611 194.334434 439.366961 2.960833 0.125000 2.423680 
260.695743 747.636879 251.770882 746.343413 3.012013 0.125000 2.140993 
320.630140 848.234374 376.873414 845.591252 2.262531 0.125000 42.669902 
396.862538 843.916487 430.621574 842.998935 2.770771 0.125000 8.079869 
431.806317 808.782396 439.483708 809.584514 4.972932 0.125000 3.387076 
561.953013 820.696612 580.703586 821.937959 5.401945 0.125000 0.444004 
3.107631 829.830698 28.118940 830.784002 1.725184 0.125000 9.750700 
240.664175 505.632704 244.827294 484.463950 1.807551 0.125000 0.806559 
294.254489 861.843583 364.339960 855.252409 3.265368 0.125000 40.610448 
478.254639 885.293877 446.922871 889.714310 3.728583 0.125000 21.288917 
38.110957 802.093341 78.106297 804.665787 2.093682 0.125000 20.420431 
197.046074 626.694965 192.852005 651.829447 2.671642 0.125000 15.301356 
133.137578 887.952773 104.449308 885.857555 3.922139 0.125000 12.688732 
140.636928 812.793309 170.643076 813.872349 1.339036 0.125000 4.255608 
166.972714 861.742412 155.602819 860.938852 2.405657 0.125000 0.894864 
318.045818 883.402673 331.907480 882.273842 2.999043 0.125000 1.859516 
664.292283 836.393359 638.076967 833.571177 2.446968 0.125000 12.748724 
20.625213 840.637526 0.630973 840.976913 1.440753 0.125000 0.334813 
43.070313 863.028368 101.824941 860.642338 2.732496 0.125000 34.816956 
149.354285 741.977985 127.963998 737.675425 2.957937 0.125000 19.166324 
169.360820 812.133216 140.628826 810.555333 1.865009 0.125000 14.784252 
226.416329 358.271415 223.426459 374.430777 2.821078 0.125000 5.924565 
306.908284 889.534510 276.898089 888.618542 3.786389 0.125000 12.256562 
416.875108 831.862089 370.628338 831.475566 2.405890 0.125000 12.091572 
476.693405 891.350573 499.339991 889.032914 3.730515 0.125000 7.633054 
30.657764 811.281380 60.635433 812.935968 2.151762 0.125000 11.207843 
183.108426 808.351804 165.610522 807.073126 1.884391 0.125000 2.659931 
319.298829 468.111581 322.401838 450.497602 1.734957 0.062500 0.071370 
76.873408 825.353106 98.125386 825.387692 1.274409 0.125000 1.237903 
170.588804 869.366418 190.644646 869.951189 3.930562 0.125000 13.937991 
499.812280 822.279936 491.177541 820.477702 5.546500 0.125000 0.340742 
605.584797 884.910817 590.668769 883.791654 2.399467 0.062500 0.071370 
233.173150 857.792303 224.248272 856.500645 2.653264 0.062500 3.044083 
3.082425 751.875356 2.894316 729.387386 3.833514 0.125000 23.017460 
178.288985 358.155960 174.285988 379.358194 1.391423 0.125000 3.044083 
275.622047 845.341357 245.625299 845.653683 1.393090 0.125000 7.559533 
301.875000 844.375000 281.875000 844.375000 1.250000 0.125000 0.334813 
410.658929 854.837598 370.690574 857.769053 2.459866 0.125000 20.108609 
158.138720 833.816399 185.627895 833.270915 1.646547 0.125000 13.881162 
210.159735 554.560707 207.225918 566.958044 2.687070 0.125000 3.543838 
105.620779 881.702413 124.359573 881.244153 2.652052 0.125000 6.868761 
281.078677 594.477566 286.551604 570.269292 6.138448 0.125000 19.447551 
563.121907 895.714055 578.147196 896.235834 1.596305 0.125000 0.334813 
334.383609 832.612628 270.627704 833.356702 2.193496 0.125000 30.347139 
207.736260 568.044629 205.104122 580.775745 2.489527 0.125000 0.790586 
288.076600 446.866159 291.512005 428.058695 2.010087 0.125000 2.504668 
455.609249 851.634512 426.900528 853.514770 1.250000 0.125000 6.656443 
224.276642 857.131511 200.634616 859.472131 3.362303 0.125000 14.634730 
94.328774 874.645515 116.896494 873.580444 2.615075 0.125000 21.105882 
195.583773 876.368310 221.863207 874.230062 1.883531 0.125000 5.936476 
349.419361 863.510831 375.752411 860.483151 3.297117 0.125000 9.430788 
85.590084 843.580410 96.964894 844.452520 2.492684 0.125000 3.044083 
195.609507 823.610997 223.121396 824.488045 1.687477 0.125000 5.924565 
292.918363 600.588227 296.698993 579.343678 1.804311 0.125000 2.504668 
419.373630 894.822700 401.873794 894.769130 2.519120 0.125000 3.356911 
428.171726 868.602860 470.632426 864.450940 3.218022 0.125000 22.777344 
16.871156 869.345135 0.569448 871.443415 4.198050 0.125000 2.110754 
118.067632 873.621269 140.532632 871.911414 3.928916 0.125000 7.171842 
236.869767 846.622282 213.129945 847.113816 1.796837 0.125000 1.237903 
129.433029 876.530884 89.437005 879.092956 2.703514 0.125000 17.377306 
100.627549 835.531700 121.861698 836.111864 1.488514 0.125000 0.334813 
146.891671 862.874834 120.628130 863.312738 2.791398 0.125000 14.263321 
255.645363 864.621106 291.854324 861.625116 2.482641 0.125000 9.914567 
333.137925 806.090577 320.633200 806.041369 6.279466 0.125000 8.892706 
330.537301 865.990663 345.636728 864.493267 2.230748 0.125000 1.654432 
430.607997 850.156380 455.620422 849.248829 2.190632 0.062500 3.055357 
559.394295 851.926128 528.132275 851.422983 2.560023 0.125000 11.261343 
119.412019 811.185873 105.634628 810.445770 1.449355 0.062500 0.635843 
156.875000 836.875000 133.125000 836.875000 1.250000 0.125000 3.044083 
604.380128 840.842635 625.618338 840.342235 1.785976 0.062500 0.962997 
66.884123 810.429185 31.901822 808.799316 1.857356 0.125000 21.335145 
148.067107 869.901170 168.167981 870.556342 3.625846 0.125000 4.507447 
334.408878 795.292608 324.259506 794.258165 6.598025 0.125000 1.799187 
569.521516 827.096496 523.195678 825.172884 6.871226 0.125000 66.220428 
218.125860 819.459341 250.622479 819.127837 1.300938 0.125000 8.462623 
281.893940 841.198220 311.870462 842.037144 1.529262 0.125000 0.409352 
456.885424 849.496568 476.845851 847.785049 1.459010 0.125000 1.237903 
168.064189 824.822494 194.338580 828.393006 2.477231 0.125000 8.879402 
378.104283 824.092708 404.369006 824.654991 1.991097 0.125000 0.790586 
520.629843 863.617426 505.619001 863.765070 1.385175 0.125000 1.237903 
614.400061 837.783387 600.632455 836.773379 2.310388 0.125000 0.013888 
0.624540 881.891786 18.145645 882.372461 2.773297 0.125000 3.656199 
0.608002 865.455916 21.894199 863.315976 3.112634 0.125000 6.640831 
230.025939 553.026967 224.483967 586.892832 2.018708 0.125000 11.334566 
336.892613 871.562383 324.361962 870.856411 2.636668 0.125000 0.894864 
199.414223 808.846856 188.133608 808.009093 1.616876 0.062500 1.839963 
265.141548 665.762466 269.206561 643.094794 1.892304 0.125000 11.171893 
373.134473 827.655418 341.871980 827.024720 1.703574 0.125000 20.442240 
636.846059 837.273648 621.924701 836.190388 2.764966 0.125000 8.462623 
98.113820 843.976319 131.870744 843.747418 2.491467 0.125000 25.734269 
178.057162 830.292126 160.560431 828.997920 2.124354 0.125000 7.559533 
180.773763 818.201184 155.701216 815.023618 2.305789 0.125000 3.463377 
503.066648 869.928250 520.634893 871.781202 1.636442 0.125000 2.140993 
196.880241 879.821621 185.631789 879.953611 2.529161 0.125000 1.237903 
254.379969 834.278824 220.625212 834.424184 1.250000 0.125000 10.268803 
518.143067 878.271924 501.983712 880.259049 3.569400 0.125000 4.642030 
16.995811 834.438364 0.660605 832.775281 2.740359 0.062500 1.430350 
55.638010 850.113781 78.123447 850.686017 1.504005 0.125000 1.237903 
344.375000 841.875000 323.125000 841.875000 1.250000 0.125000 1.237903 
585.746880 857.041256 539.409760 861.028918 2.450080 0.125000 12.256562 
16.939703 852.776320 53.093124 850.180971 2.755836 0.125000 18.660036 
385.624939 853.123552 418.172538 851.758377 2.340652 0.125000 20.521857 
438.062225 892.386482 419.235747 893.986763 3.736526 0.125000 0.257221 
619.349409 885.522186 639.354542 880.542808 3.035131 0.125000 2.423680 
135.628557 843.203769 156.891643 842.243542 1.869036 0.125000 1.038110 
313.130038 844.699865 339.373727 844.292903 1.366139 0.125000 3.044083 
456.877260 853.247556 488.116637 852.671499 1.434157 0.125000 7.559533 
535.629298 844.462205 596.853798 841.444794 2.435439 0.125000 23.593690 
129.327260 822.624732 160.609611 824.616678 2.630337 0.125000 7.350448 
296.879249 805.311412 270.634067 804.955807 2.635252 0.125000 4.489380 
528.159648 880.853371 569.408396 874.595115 3.298402 0.125000 17.899886 
0.653275 801.561137 16.884159 803.023335 1.357113 0.062500 0.689974 
192.449510 549.251386 187.639425 575.536140 1.800097 0.125000 6.783678 
268.159505 833.558879 255.639280 834.554562 2.293943 0.125000 0.013888 
455.623877 820.651260 420.634392 819.155330 2.924865 0.125000 6.103585 
633.177489 853.226988 611.862557 854.054503 2.401133 0.125000 6.121546 
424.389189 888.235987 443.152144 885.837327 3.430880 0.125000 0.009742 
320.588378 828.487085 304.377778 826.847536 1.495223 0.062500 4.248203 
274.366440 821.167970 219.374501 821.833775 1.628234 0.125000 23.831832 
121.863029 802.000655 96.969869 799.629168 1.955645 0.125000 1.421990 
613.132845 847.878123 590.615860 847.162640 1.765457 0.125000 9.750700 
674.419240 842.500780 660.649689 843.474226 3.110822 0.062500 1.260701 
30.662509 806.120556 0.612494 804.626542 1.869161 0.125000 8.522438 
81.860313 797.039536 60.667602 795.147754 1.600977 0.125000 3.947173 
215.623870 821.453755 194.374023 821.510770 1.286888 0.125000 0.334813 
214.357242 832.530548 235.625603 831.895195 1.734665 0.125000 6.200171 
63.066787 843.414605 84.380842 844.220496 4.361301 0.125000 18.050092 
248.182830 823.401048 280.642611 825.328395 2.285063 0.125000 10.048373 
345.650306 860.908360 331.787604 862.146409 2.378897 0.125000 4.850263 
571.820051 873.890284 598.156706 870.904688 2.368458 0.125000 15.441175 
0.600855 837.419125 18.121822 838.196613 1.692082 0.062500 1.780987 
166.870035 841.623581 204.404766 840.882412 2.499513 0.125000 15.661536 
215.655063 804.025893 191.866187 801.977339 2.705273 0.125000 14.476407 
441.885407 841.161581 466.880088 841.526176 1.559806 0.125000 8.506121 
598.129180 834.280162 570.682498 833.070451 2.184472 0.062500 4.272240 
49.464510 822.892258 29.386759 821.680212 2.495457 0.062500 1.031080 
209.391671 834.903334 185.625892 835.653256 1.722463 0.125000 6.868761 
215.579506 812.178244 200.359476 809.894890 2.018952 0.125000 1.776911 
374.361053 813.374220 353.177400 812.188688 2.565940 0.062500 0.294568 
594.360405 867.922650 575.617750 869.274483 1.786305 0.125000 4.850263 
254.382257 805.485324 225.644880 803.992337 1.313170 0.125000 5.753353 
308.125753 816.789641 270.628670 816.458888 1.415334 0.125000 9.750700 
153.123276 820.717910 133.130162 820.346849 1.319371 0.062500 3.044083 
340.527040 885.021562 324.298864 887.655998 3.869791 0.125000 0.328597 
470.622845 838.169521 455.597542 837.442401 1.611062 0.062500 4.248203 
209.374248 840.608409 226.838416 839.817342 1.872439 0.062500 1.163980 
553.208282 885.426437 529.393268 884.057251 2.882851 0.125000 2.541249 
500.631520 859.128218 478.114212 858.533348 1.612689 0.062500 1.260701 
334.375000 820.625000 310.625000 820.625000 1.250000 0.125000 0.894864 
230.613516 840.152185 246.884278 839.756986 1.553153 0.125000 6.656443 
405.625000 820.625000 375.625000 820.625000 1.250000 0.125000 7.559533 
294.373351 821.252561 276.873472 821.206587 1.289402 0.062500 0.668264 
283.115560 836.106843 328.122775 836.988595 1.959810 0.125000 5.568201 
674.395132 870.967872 664.356346 871.557297 1.687454 0.062500 3.044083 
400.617558 896.790644 381.902948 898.441776 1.464877 0.125000 0.334813 
580.642808 848.563557 569.360653 849.021672 1.603974 0.062500 0.689974 
